<10,10,0,0,0,0,200,200,200,100,-1>
<10,10,0,0,0,0,-1,0,-1,0,0>

<10,10,0,0,0,0,-1,0,-1,0,0>

<10,10,0,0,0,0,-1,0,-1,0,0>

<10,10,0,0,0,0,-1,0,-1,0,0>

<10,10,0,0,0,0,-1,0,-1,0,0>

<10,10,0,0,0,0,-1,0,-1,0,0>

<10,10,0,0,0,0,-1,0,-1,0,0>

<10,10,0,0,0,0,-1,0,-1,0,0>

<10,10,0,0,0,0,-1,0,-1,0,0>

<10,10,0,0,0,0,-1,0,-1,0,0>

<10,10,0,0,0,0,-1,0,-1,0,0>

<10,10,0,0,0,0,-1,0,-1,0,0>

<10,10,0,0,0,0,-1,0,-1,0,0>

<10,10,0,0,0,0,-1,0,-1,0,0>

<10,10,0,0,0,0,9,1,-1,0,0>

<10,10,0,0,0,0,-1,0,-1,0,0>

<10,10,0,0,0,0,-1,0,-1,0,0>

<10,10,0,0,0,0,-1,0,-1,0,0>

<10,10,0,0,0,0,-1,0,-1,0,0>

<10,10,0,0,0,0,-1,0,-1,0,0>

<10,10,0,0,0,0,-1,0,-1,0,0>

<10,10,0,0,0,0,-1,0,-1,0,0>

<10,10,0,0,0,0,-1,0,-1,0,0>

<10,10,0,0,0,0,-1,0,-1,0,0>

<10,10,0,0,0,0,-1,0,-1,0,0>

<10,10,0,0,0,0,-1,0,-1,0,0>

<10,10,0,0,0,0,-1,0,-1,0,0>

<10,10,0,0,0,0,-1,0,-1,0,0>

<10,10,0,0,0,0,-1,0,-1,0,0>

<10,10,0,0,0,0,9,1,-1,0,0>
<10,10,1,0,0,0,5,0,0,0,0>

<11,10,0,0,0,0,-1,0,-1,0,0>

<11,10,0,0,0,0,-1,0,-1,0,0>

<11,10,0,0,0,0,-1,0,-1,0,0>

<11,10,0,0,0,0,-1,0,-1,0,0>

<11,10,0,0,0,0,-1,0,-1,0,0>

<11,10,0,0,0,0,-1,0,-1,0,0>

<11,10,0,0,0,0,-1,0,-1,0,0>

<11,10,0,0,0,0,-1,0,-1,0,0>

<11,10,0,0,0,0,-1,0,-1,0,0>

<11,10,0,0,0,0,-1,0,-1,0,0>

<11,10,0,0,0,0,-1,0,-1,0,0>

<11,10,0,0,0,0,-1,0,-1,0,0>

<11,10,0,0,0,0,-1,0,-1,0,0>

<11,10,0,0,0,0,-1,0,-1,0,0>

<11,10,0,0,0,0,9,1,-1,0,0>

<11,10,0,0,0,0,-1,0,-1,0,0>

<11,10,0,0,0,0,-1,0,-1,0,0>

<11,10,0,0,0,0,-1,0,-1,0,0>

<11,10,0,0,0,0,-1,0,-1,0,0>

<11,10,0,0,0,0,-1,0,-1,0,0>

<11,10,0,0,0,0,-1,0,-1,0,0>

<11,10,0,0,0,0,-1,0,-1,0,0>

<11,10,0,0,0,0,-1,0,-1,0,0>

<11,10,0,0,0,0,-1,0,-1,0,0>

<11,10,0,0,0,0,-1,0,-1,0,0>

<11,10,0,0,0,0,-1,0,-1,0,0>

<11,10,0,0,0,0,-1,0,-1,0,0>

<11,10,0,0,0,0,-1,0,-1,0,0>

<11,10,0,0,0,0,-1,0,-1,0,0>

<11,10,0,0,0,0,9,1,-1,0,0>
<11,10,1,0,0,0,5,0,0,0,0>

<12,10,0,0,0,0,-1,0,-1,0,0>

<12,10,0,0,0,0,-1,0,-1,0,0>

<12,10,0,0,0,0,-1,0,-1,0,0>

<12,10,0,0,0,0,-1,0,-1,0,0>

<12,10,0,0,0,0,-1,0,-1,0,0>

<12,10,0,0,0,0,-1,0,-1,0,0>

<12,10,0,0,0,0,-1,0,-1,0,0>

<12,10,0,0,0,0,-1,0,-1,0,0>

<12,10,0,0,0,0,-1,0,-1,0,0>

<12,10,0,0,0,0,-1,0,-1,0,0>

<12,10,0,0,0,0,-1,0,-1,0,0>

<12,10,0,0,0,0,-1,0,-1,0,0>

<12,10,0,0,0,0,-1,0,-1,0,0>

<12,10,0,0,0,0,-1,0,-1,0,0>

<12,10,0,0,0,0,9,1,-1,0,0>

<12,10,0,0,0,0,-1,0,-1,0,0>

<12,10,0,0,0,0,-1,0,-1,0,0>

<12,10,0,0,0,0,-1,0,-1,0,0>

<12,10,0,0,0,0,-1,0,-1,0,0>

<12,10,0,0,0,0,-1,0,-1,0,0>

<12,10,0,0,0,0,-1,0,-1,0,0>

<12,10,0,0,0,0,-1,0,-1,0,0>

<12,10,0,0,0,0,-1,0,-1,0,0>

<12,10,0,0,0,0,-1,0,-1,0,0>

<12,10,0,0,0,0,-1,0,-1,0,0>

<12,10,0,0,0,0,-1,0,-1,0,0>

<12,10,0,0,0,0,-1,0,-1,0,0>

<12,10,0,0,0,0,-1,0,-1,0,0>

<12,10,0,0,0,0,-1,0,-1,0,0>

<12,10,0,0,0,0,9,1,-1,0,0>
<12,10,1,0,0,0,5,0,0,0,0>

<13,10,0,0,0,0,-1,0,-1,0,0>

<13,10,0,0,0,0,-1,0,-1,0,0>

<13,10,0,0,0,0,-1,0,-1,0,0>

<13,10,0,0,0,0,-1,0,-1,0,0>

<13,10,0,0,0,0,-1,0,-1,0,0>

<13,10,0,0,0,0,-1,0,-1,0,0>

<13,10,0,0,0,0,-1,0,-1,0,0>

<13,10,0,0,0,0,-1,0,-1,0,0>

<13,10,0,0,0,0,-1,0,-1,0,0>

<13,10,0,0,0,0,-1,0,-1,0,0>

<13,10,0,0,0,0,-1,0,-1,0,0>

<13,10,0,0,0,0,-1,0,-1,0,0>

<13,10,0,0,0,0,-1,0,-1,0,0>

<13,10,0,0,0,0,-1,0,-1,0,0>

<13,10,0,0,0,0,9,1,-1,0,0>

<13,10,0,0,0,0,-1,0,-1,0,0>

<13,10,0,0,0,0,-1,0,-1,0,0>

<13,10,0,0,0,0,-1,0,-1,0,0>

<13,10,0,0,0,0,-1,0,-1,0,0>

<13,10,0,0,0,0,-1,0,-1,0,0>

<13,10,0,0,0,0,-1,0,-1,0,0>

<13,10,0,0,0,0,-1,0,-1,0,0>

<13,10,0,0,0,0,-1,0,-1,0,0>

<13,10,0,0,0,0,-1,0,-1,0,0>

<13,10,0,0,0,0,-1,0,-1,0,0>

<13,10,0,0,0,0,-1,0,-1,0,0>

<13,10,0,0,0,0,-1,0,-1,0,0>

<13,10,0,0,0,0,-1,0,-1,0,0>

<13,10,0,0,0,0,-1,0,-1,0,0>

<13,10,0,0,0,0,9,1,-1,0,0>
<13,10,1,0,0,0,5,0,0,0,0>

<14,10,0,0,0,0,-1,0,-1,0,0>

<14,10,0,0,0,0,-1,0,-1,0,0>

<14,10,0,0,0,0,-1,0,-1,0,0>

<14,10,0,0,0,0,-1,0,-1,0,0>

<14,10,0,0,0,0,-1,0,-1,0,0>

<14,10,0,0,0,0,-1,0,-1,0,0>

<14,10,0,0,0,0,-1,0,-1,0,0>

<14,10,0,0,0,0,-1,0,-1,0,0>

<14,10,0,0,0,0,-1,0,-1,0,0>

<14,10,0,0,0,0,-1,0,-1,0,0>

<14,10,0,0,0,0,-1,0,-1,0,0>

<14,10,0,0,0,0,-1,0,-1,0,0>

<14,10,0,0,0,0,-1,0,-1,0,0>

<14,10,0,0,0,0,-1,0,-1,0,0>

<14,10,0,0,0,0,9,1,-1,0,0>

<14,10,0,0,0,0,-1,0,-1,0,0>

<14,10,0,0,0,0,-1,0,-1,0,0>

<14,10,0,0,0,0,-1,0,-1,0,0>

<14,10,0,0,0,0,-1,0,-1,0,0>

<14,10,0,0,0,0,-1,0,-1,0,0>

<14,10,0,0,0,0,-1,0,-1,0,0>

<14,10,0,0,0,0,-1,0,-1,0,0>

<14,10,0,0,0,0,-1,0,-1,0,0>

<14,10,0,0,0,0,-1,0,-1,0,0>

<14,10,0,0,0,0,-1,0,-1,0,0>

<14,10,0,0,0,0,-1,0,-1,0,0>

<14,10,0,0,0,0,-1,0,-1,0,0>

<14,10,0,0,0,0,-1,0,-1,0,0>

<14,10,0,0,0,0,-1,0,-1,0,0>

<14,10,0,0,0,0,9,1,-1,0,0>
<14,10,1,0,0,0,5,0,0,0,0>

<15,10,0,0,0,0,-1,0,-1,0,0>

<15,10,0,0,0,0,-1,0,-1,0,0>

<15,10,0,0,0,0,-1,0,-1,0,0>

<15,10,0,0,0,0,-1,0,-1,0,0>

<15,10,0,0,0,0,-1,0,-1,0,0>

<15,10,0,0,0,0,-1,0,-1,0,0>

<15,10,0,0,0,0,-1,0,-1,0,0>

<15,10,0,0,0,0,-1,0,-1,0,0>

<15,10,0,0,0,0,-1,0,-1,0,0>

<15,10,0,0,0,0,-1,0,-1,0,0>

<15,10,0,0,0,0,-1,0,-1,0,0>

<15,10,0,0,0,0,-1,0,-1,0,0>

<15,10,0,0,0,0,-1,0,-1,0,0>

<15,10,0,0,0,0,-1,0,-1,0,0>

<15,10,0,0,0,0,9,1,-1,0,0>

<15,10,0,0,0,0,-1,0,-1,0,0>

<15,10,0,0,0,0,-1,0,-1,0,0>

<15,10,0,0,0,0,-1,0,-1,0,0>

<15,10,0,0,0,0,-1,0,-1,0,0>

<15,10,0,0,0,0,-1,0,-1,0,0>

<15,10,0,0,0,0,-1,0,-1,0,0>

<15,10,0,0,0,0,-1,0,-1,0,0>

<15,10,0,0,0,0,-1,0,-1,0,0>

<15,10,0,0,0,0,-1,0,-1,0,0>

<15,10,0,0,0,0,-1,0,-1,0,0>

<15,10,0,0,0,0,-1,0,-1,0,0>

<15,10,0,0,0,0,-1,0,-1,0,0>

<15,10,0,0,0,0,-1,0,-1,0,0>

<15,10,0,0,0,0,-1,0,-1,0,0>

<15,10,0,0,0,0,9,1,-1,0,0>
<15,10,1,0,0,0,5,0,0,0,0>

<16,10,0,0,0,0,-1,0,-1,0,0>

<16,10,0,0,0,0,-1,0,-1,0,0>

<16,10,0,0,0,0,-1,0,-1,0,0>

<16,10,0,0,0,0,-1,0,-1,0,0>

<16,10,0,0,0,0,-1,0,-1,0,0>

<16,10,0,0,0,0,-1,0,-1,0,0>

<16,10,0,0,0,0,-1,0,-1,0,0>

<16,10,0,0,0,0,-1,0,-1,0,0>

<16,10,0,0,0,0,-1,0,-1,0,0>

<16,10,0,0,0,0,-1,0,-1,0,0>

<16,10,0,0,0,0,-1,0,-1,0,0>

<16,10,0,0,0,0,-1,0,-1,0,0>

<16,10,0,0,0,0,-1,0,-1,0,0>

<16,10,0,0,0,0,-1,0,-1,0,0>

<16,10,0,0,0,0,-1,0,-1,0,0>

<16,10,0,0,0,0,-1,0,-1,0,0>

<16,10,0,0,0,0,-1,0,-1,0,0>

<16,10,0,0,0,0,-1,0,-1,0,0>

<16,10,0,0,0,0,-1,0,-1,0,0>

<16,10,0,0,0,0,9,1,-1,0,0>

